bob
all
a
Count
tanni
relletive
ha-ha
ha-vi
tenit
teni-
13672       21952
a : 0.49678 a : 0.56195
e : 0.46248 e : 0.4969
s : 0.35957 s : 0.37719
i : 0.34494 i : 0.3304
r : 0.34114 o : 0.32644
o : 0.32621 r : 0.32375
n : 0.27589 l : 0.27824
l : 0.27406 n : 0.27278
t : 0.247   t : 0.24526
u : 0.22528 u : 0.19953
d : 0.18359 d : 0.17734
c : 0.17627 c : 0.16495
y : 0.16603 m : 0.15739
h : 0.15952 y : 0.15721
m : 0.15857 h : 0.14495
p : 0.1329  b : 0.13407
b : 0.12815 p : 0.1317
g : 0.12215 g : 0.11812
k : 0.11666 k : 0.11215
w : 0.07702 f : 0.07352
f : 0.06897 w : 0.06765
v : 0.05946 v : 0.05681
z : 0.03357 z : 0.03462
j : 0.03035 j : 0.0287
x : 0.02421 x : 0.02091
q : 0.00922 q : 0.00747